603048343 631697179 693
344674472 380906235 547741291
266433200 596575853 610211790
445359323 602506436 625596493
134596956 206743067 522087443
237755510 542226967 598310021
257207189 396183156 467121841
589701386 336826717 394144436
57192966 251454859 269388312
351423572 79888681 612442396
114825970 360903829 457121497
521002016 48038111 192620413
258691829 282282533 624057384
588351989 308565656 585281390
187581469 260436109 403098279
44596435 284130899 487719051
504069870 399919756 419250660
521516877 226564568 444816468
93938609 247106668 537056521
114063110 255116409 256990508
356964261 364437779 391160002
340847786 219338016 573646393
307314077 361190266 427533381
562314511 387885614 546567849
134837009 601536112 621199214
90993014 612273453 613934859
414245828 155059802 236298169
518109899 135838045 474900738
568469982 56342039 76108311
298408264 331095409 395445836
192338019 142518749 499579479
577148710 601030123 624392951
221116035 498381272 555679100
146598778 84878167 565863274
534313946 4208759 318286992
238123067 167558276 300040121
252705729 408291188 570164417
153703650 78333336 269278600
165950852 608482233 609564933
370096611 309486566 357617463
507693194 520028592 522816216
127290071 483415410 549834766
572148468 462859492 503563388
166846924 496523163 549740136
598290110 525524749 628848568
575470983 168168866 420734447
61559802 7137501 113282276
207670108 502536707 554419173
445301519 242789932 506046658
267680070 240574281 512302370
104169488 86706819 443042519
167277018 346231952 491587412
447188406 225896172 415458879
207778062 308830674 405790741
533679848 151376348 294047845
512946105 67882277 96657480
212819928 26177695 105169854
114377343 24627074 482820592
254243417 232979780 316574460
410008020 131853009 516727272
176596545 416028678 472180989
588225061 490195644 493265095
114600345 528748165 585642685
588279609 617238149 623490904
103013376 459470670 517957441
594774240 123445837 197340210
368942824 299650571 554552578
521649793 226970244 627392485
331023298 430381534 571690165
87998116 301606787 599436861
523995543 124873713 539096432
216514120 46289400 276688612
381101837 320183758 397931106
484819478 399087117 590486219
587114937 515149164 620025346
13577419 289564122 491730059
178863212 535076299 557957322
272807265 381188990 619922485
70099051 589706540 612835149
391550737 954661 45640348
198703369 466967634 503298814
559314936 271617588 555570494
514250258 250291640 372565901
56966659 408095831 524919076
397851670 152791946 516787758
329135336 597975669 605910274
377829840 187811465 490267078
431976147 387284566 432051720
568939365 332337701 618229955
12292434 367021564 404865417
187603858 485937173 554003075
458617594 133543358 195454792
390439718 163000843 401654204
60684484 73945364 339873078
121270108 90277399 384563623
268310299 524056345 586431463
419304547 487861759 529398607
208016646 482298018 569947776
569213325 320246955 435062792
404420202 235592669 257314707
350615759 353118049 423412866
181611234 466418364 522456530
510648152 328792994 384840725
416923106 222798028 502780685
312853135 27677885 557202531
112538140 298264061 618070906
456411008 613016458 627653849
190215730 281141533 390716402
218771046 177318417 574772690
235793821 31744721 65700731
189236925 579728685 615314508
346937334 589863143 608234206
340514416 386509998 461111551
121231338 141517662 372756887
223376874 359132985 550107138
552939689 320019126 406194393
573108055 621215840 630186129
395285110 73301219 85781680
80699504 518711317 595143559
21813452 165190444 542684604
535420863 423310648 487164732
141016373 184262138 412700377
234039567 290680733 418157855
535741557 266529793 279087682
195283905 444624611 571927966
100786725 527950398 616571422
1599853 581540348 613284675
292354256 421254804 604377170
329611474 176913329 551943601
10777582 397908029 545656794
525886343 327784322 399151795
347993310 576944807 626465747
110020356 582052385 613737913
577037152 546932295 575768202
51422071 379307398 419911408
403928805 524848445 533381650
264671503 353676757 481370507
221242956 220909984 595626823
372653686 627551648 628319290
429975028 448764154 571212640
106637201 525194657 532047925
224557399 236479247 410218940
141820029 396357280 608478945
575542878 39337213 483559468
108364291 394413463 525343059
472699815 344361310 458144293
28133272 522888434 523687124
251977291 200189435 514597600
374106409 261567894 529760316
288641590 328775137 410548283
346972450 246870271 517869459
398232108 549548259 622464562
549492888 131805405 322149875
515617879 87013625 478027333
131912080 563858972 566393362
429355022 100797057 211162535
562826717 51137585 333033923
445625234 55595391 369160318
588856484 502663905 617065214
292574891 540222793 569375772
572747875 204023768 298568633
448230227 598696459 607840777
423355658 511585632 618316704
235585169 570451519 617751282
212597854 102227325 517979373
125768882 187873539 515203307
201613229 401029058 426776365
125092971 208308323 326825430
319436639 301414649 430704014
124117154 277760989 397679759
301658100 557304809 579551764
524854917 550538699 586517846
241704181 270705926 555544251
458791979 148228033 350647424
463201016 5768352 168351738
465474799 448027111 520403223
501789205 412481080 515472312
510141254 572476655 583714840
397335120 561574235 561828618
365785678 181601450 607920686
303035316 123101211 455256452
258116638 46951769 557956601
432613606 13766591 402844886
68843031 376367484 454762866
172040546 425790956 431695008
111995293 46314304 267869847
450278288 538924941 568979566
403590965 248368708 475268863
127858234 379316603 491900502
517507020 37218348 181374977
184292888 316733029 490885339
95380359 333312312 516137286
153725732 278288581 397775309
237449757 337334404 491824922
16425545 136224276 185583079
537671264 491007260 572936308
263201720 137516001 601796713
486829383 497265591 502022222
4970467 441459881 610359340
57506462 414922081 591452737
68287315 154098256 439283439
171452133 488752605 523260053
145608081 356138699 481436564
579550841 612816908 621220902
102725153 473566366 515805875
422491764 318853844 606808512
437012244 24210220 254840120
248083482 561735276 568385930
499975311 265431983 627510459
434990684 503079798 532492093
150418312 469878826 553410281
100758068 23153664 57501303
396933728 86626422 426723534
570607749 477340001 565108592
570703324 570046512 612826665
204105745 229386994 483931945
121938209 354300537 599009505
580273375 139108368 540459445
99158266 522942788 545696432
28440828 364242469 511793298
76197289 334285499 622084608
569293169 184212570 312982113
24005679 294453115 381558527
79262954 613761453 625818610
342539915 501960092 614066901
75010339 594949439 627320795
173051816 42691680 378765169
194948904 59569549 621137678
259126349 289382524 336325166
241546619 216720733 414574304
114763177 180216385 592916838
229996894 279475901 565788102
12292434 367021564 590965321
588225061 493265095 535408766
521002016 48038111 335809776
114600345 585642685 625997818
588351989 308565656 325967979
570703324 612826665 629649786
515617879 478027333 512893614
422491764 606808512 623752139
201613229 426776365 551878389
577148710 601030123 617993426
99158266 522942788 617581866
499975311 627510459 627936067
559314936 271617588 407115227
414245828 236298169 467475962
235585169 617751282 629101311
124117154 277760989 355228984
499975311 265431983 578937202
588351989 308565656 440599058
146598778 565863274 578346025
429975028 448764154 590495542
108364291 394413463 416102787
57192966 269388312 470380043
390439718 401654204 416895559
403928805 533381650 568981720
524854917 550538699 600184952
587114937 515149164 581496332
340514416 461111551 530630821
517507020 37218348 300467930
569293169 184212570 292431217
533679848 151376348 396126450
410008020 131853009 588436442
390439718 163000843 232308668
201613229 426776365 433171740
141820029 396357280 619104858
368942824 554552578 595686631
398232108 622464562 627432295
549492888 131805405 550950188
221242956 595626823 606984628
134837009 601536112 616112007
114763177 592916838 630738433
60684484 73945364 486353453
374106409 261567894 321597883
422491764 606808512 610135282
569213325 435062792 476839479
365785678 607920686 626215139
75010339 594949439 605885943
56966659 524919076 527215685
121270108 384563623 623104680
150418312 469878826 497913963
153703650 269278600 273010609
589701386 394144436 450726239
150418312 553410281 572103631
184292888 490885339 551301963
75010339 627320795 631350401
187581469 260436109 603715244
153703650 78333336 358668646
90993014 612273453 620258980
588856484 617065214 625200865
106637201 532047925 556364832
397851670 152791946 180808553
187581469 260436109 627157649
374106409 529760316 548852364
110020356 613737913 617303288
518109899 135838045 389488252
150418312 553410281 592511452
61559802 113282276 123179067
241704181 555544251 566891764
422491764 318853844 443789427
51422071 419911408 566741456
254243417 232979780 331084759
381101837 320183758 459940157
422491764 606808512 620725830
87998116 599436861 628132166
458791979 148228033 323285800
241546619 414574304 444765270
229996894 565788102 598117459
195283905 444624611 590403922
95380359 516137286 528889827
241546619 414574304 510574394
431976147 432051720 435689178
410008020 131853009 149869959
518109899 135838045 395121658
146598778 565863274 585567083
4970467 441459881 606446618
264671503 481370507 573735972
145608081 481436564 551066107
68843031 376367484 485871800
562826717 333033923 485580571
224557399 410218940 419360175
258691829 282282533 601825720
145608081 356138699 475779898
572148468 503563388 576419940
568469982 76108311 89578252
534313946 4208759 477390356
434990684 532492093 598558762
1599853 581540348 624385130
51422071 379307398 569252677
235585169 617751282 624042495
114600345 528748165 592948012
447188406 225896172 521512185
562826717 333033923 490332951
90993014 612273453 621517368
112538140 618070906 626866691
223376874 550107138 596152040
12292434 367021564 539878510
166846924 549740136 600359198
56966659 408095831 570670867
70099051 612835149 624997351
573108055 621215840 626673729
562826717 333033923 542197850
342539915 614066901 622011388
534313946 4208759 177203761
145608081 481436564 481654107
368942824 554552578 598280354
221242956 595626823 616944847
292354256 421254804 630000728
10777582 545656794 577341235
319436639 301414649 431629218
12292434 367021564 421191726
587114937 620025346 620850802
4970467 441459881 592331245
167277018 491587412 527333145
572148468 503563388 582812675
134596956 522087443 597830076
267680070 512302370 570129402
535420863 487164732 616954513
100786725 527950398 574440259
410008020 516727272 549799521
521516877 444816468 619741803
458791979 148228033 610776833
501789205 412481080 449562458
229996894 565788102 567503512
499975311 627510459 627887517
570703324 612826665 618248302
111995293 46314304 423966393
525886343 327784322 367220086
431976147 387284566 544508993
437012244 24210220 58542875
112538140 618070906 630141797
484819478 590486219 610384361
99158266 522942788 599753633
486829383 497265591 504503810
537671264 572936308 604368903
21813452 165190444 308958936
68843031 376367484 452863071
572148468 462859492 529801868
577037152 546932295 546987224
259126349 289382524 456406959
331023298 430381534 529895247
172040546 425790956 611146908
223376874 359132985 487559839
114825970 360903829 465001321
510141254 572476655 582532196
110020356 613737913 625085855
189236925 579728685 584215574
552939689 406194393 620234629
403590965 475268863 521674217
391550737 45640348 184591556
187603858 554003075 564087377
465474799 520403223 627325551
521516877 444816468 583798434
68287315 439283439 584074768
350615759 353118049 496113132
403928805 524848445 575821952
465474799 520403223 532838424
114600345 528748165 587394486
437012244 254840120 351249052
194948904 59569549 362839864
111995293 46314304 621187926
419304547 487861759 488028911
238123067 300040121 620100306
432613606 13766591 236421507
298408264 331095409 426657027
598290110 628848568 629498623
267680070 512302370 551204208
10777582 545656794 564369228
432613606 402844886 618993674
484819478 590486219 627613887
356964261 391160002 416983194
218771046 177318417 245493113
458791979 350647424 597470215
447188406 225896172 397238640
167277018 491587412 515821288
28440828 511793298 574459251
569293169 184212570 383054308
241546619 414574304 464115971
403590965 475268863 589920982
598290110 525524749 593308922
267680070 512302370 524532180
391550737 45640348 613426874
587114937 515149164 581777225
569293169 312982113 395645197
68843031 376367484 431743521
319436639 301414649 346329428
166846924 549740136 584813285
100758068 23153664 106317121
153725732 278288581 427115072
165950852 609564933 612858562
145608081 356138699 544203154
588279609 623490904 629939448
114063110 256990508 471552529
549492888 322149875 546828492
549492888 131805405 182771640
374106409 261567894 386064083
329135336 597975669 631551304
312853135 557202531 608322186
57506462 591452737 621034331
577148710 601030123 607562071
178863212 535076299 542766444
51422071 379307398 449265262
445625234 55595391 208311165
510141254 572476655 586467755
587114937 620025346 622281132
534313946 318286992 508175983
569293169 312982113 421381630
93938609 537056521 615353298
562314511 387885614 434359034
552939689 320019126 473523591
184292888 316733029 321245333
365785678 607920686 619414073
580273375 540459445 545562069
146598778 565863274 630467743
431976147 432051720 593745403
368942824 299650571 475068299
57506462 591452737 594961131
121231338 372756887 531790249
589701386 336826717 569602822
212597854 517979373 540117869
187603858 554003075 598374642
535741557 279087682 570505111
248083482 561735276 615827064
176596545 416028678 597545754
212819928 105169854 577253025
588225061 493265095 623178448
391550737 954661 291238013
90993014 613934859 624071144
423355658 511585632 608610112
445301519 506046658 594111148
570703324 612826665 631662465
104169488 443042519 445712749
176596545 416028678 496306865
87998116 599436861 608512092
397335120 561828618 580298093
404420202 257314707 344201808
184292888 316733029 551014852
432613606 13766591 74439781
204105745 483931945 593765933
465474799 520403223 598777995
258691829 624057384 625974102
16425545 136224276 271963377
580273375 540459445 597926160
114763177 592916838 622675928
298408264 395445836 604583449
141820029 608478945 628369768
207670108 502536707 628116734
588225061 493265095 573814421
458791979 148228033 582295289
372653686 627551648 631260690
486829383 497265591 498876426
445359323 602506436 630727672
351423572 79888681 370431046
372653686 628319290 631016512
187603858 554003075 563936484
437012244 254840120 409435943
523995543 539096432 564442403
350615759 423412866 486046109
234039567 418157855 444626797
103013376 459470670 603667723
150418312 553410281 554145381
218771046 177318417 326451830
569213325 435062792 470733629
486829383 497265591 578875364
484819478 399087117 459754103
517507020 181374977 304973856
298408264 331095409 480909434
166846924 496523163 586951487
76197289 622084608 623252768
537671264 572936308 583262554
187603858 554003075 573305028
374106409 261567894 629752087
390439718 401654204 452205707
429975028 448764154 459783634
212819928 105169854 393720822
223376874 359132985 399962915
93938609 247106668 320245702
351423572 79888681 626907491
235793821 31744721 36287235
60684484 73945364 575118982
221116035 555679100 595327076
292574891 569375772 604701523
114763177 180216385 500796542
390439718 163000843 368894411
472699815 344361310 379829115
79262954 613761453 615609191
237449757 337334404 568760189
218771046 177318417 282800496
524854917 550538699 552859772
192338019 499579479 631061029
21813452 165190444 298363196
568939365 332337701 381780043
257207189 467121841 537539631
319436639 430704014 457499405
153725732 397775309 564559653
298408264 395445836 504308951
221116035 498381272 569670297
184292888 490885339 511841334
570607749 565108592 574488509
68843031 454762866 559169125
207670108 502536707 630736241
419304547 487861759 502116693
429975028 571212640 588497247
165950852 608482233 628667630
267680070 512302370 521171110
368942824 299650571 613142280
80699504 595143559 614389637
80699504 595143559 610130673
517507020 37218348 227228045
463201016 168351738 310141568
396933728 86626422 274256720
237449757 337334404 608777283
410008020 516727272 600745565
272807265 619922485 627824788
573108055 630186129 631393237
134596956 206743067 317172973
434990684 532492093 594224038
521002016 48038111 330319463
13577419 289564122 569610891
110020356 582052385 597497092
535420863 487164732 582420976
549492888 131805405 605439585
234039567 418157855 504519012
207778062 405790741 420850725
207670108 502536707 569700991
150418312 553410281 580927698
588225061 493265095 586400128
594774240 197340210 394409006
121231338 141517662 216378044
218771046 574772690 603822293
549492888 131805405 488841616
134837009 621199214 629453117
410008020 516727272 599313020
570607749 477340001 500824876
429355022 211162535 407041883
134596956 206743067 223315714
445301519 242789932 249739187
588856484 617065214 623516905
510141254 583714840 595922222
537671264 491007260 588841002
331023298 430381534 578504890
121938209 354300537 610682516
329611474 551943601 613587120
448230227 607840777 608991926
372653686 628319290 629575079
298408264 331095409 414854434
79262954 613761453 620700474
298408264 331095409 380203960
410008020 516727272 528068783
127858234 491900502 566487554
575542878 483559468 594059973
16425545 185583079 520548010
535420863 423310648 520150204
568939365 332337701 492564210
570607749 565108592 599758826
351423572 79888681 504213273
4970467 610359340 611383404
533679848 151376348 532498916
486829383 497265591 577927973
146598778 84878167 206431087
403928805 524848445 530116099
437012244 24210220 90799264
189236925 579728685 607210784
458791979 148228033 555395509
450278288 568979566 590116949
524854917 550538699 581852637
570703324 612826665 630501239
312853135 27677885 158375635
507693194 522816216 534241867
258691829 282282533 405193799
114377343 482820592 597238846
534313946 4208759 452372342
10777582 545656794 582102259
166846924 549740136 629424378
351423572 612442396 626598385
351423572 79888681 117844792
237449757 337334404 565774954
221242956 595626823 596494426
56966659 524919076 594747010
248083482 568385930 581878719
521516877 226564568 525684216
194948904 59569549 249639991
575542878 39337213 574984861
166846924 496523163 543201675
445625234 369160318 535508657
510141254 572476655 589532898
350615759 353118049 615747151
68287315 154098256 573392281
238123067 300040121 387121612
594774240 123445837 173639166
56966659 524919076 547561911
398232108 622464562 624669577
241704181 555544251 625922903
257207189 396183156 414820853
24005679 381558527 489542877
198703369 503298814 572590782
598290110 628848568 631409853
486829383 502022222 593504932
465474799 448027111 464225350
75010339 594949439 599283082
432613606 402844886 573496313
79262954 613761453 615105351
212597854 102227325 594632140
114063110 255116409 544651921
60684484 339873078 442796509
346972450 246870271 388580289
514250258 250291640 448053838
103013376 459470670 524068662
51422071 379307398 577246915
121938209 599009505 630967240
351423572 79888681 438531650
397335120 561828618 593233794
125092971 326825430 395168831
79262954 625818610 629663096
204105745 483931945 585467468
510141254 572476655 613349866
141016373 184262138 197139899
445301519 242789932 593853568
1599853 613284675 619517106
510141254 583714840 619626835
248083482 568385930 617092583
68843031 376367484 550999507
61559802 7137501 289793966
429975028 571212640 608015320
272807265 619922485 620396803
445359323 602506436 624767099
207670108 502536707 515498222
518109899 135838045 348842075
537671264 572936308 579032736
176596545 472180989 610458195
368942824 554552578 597525864
24005679 381558527 556124977
568939365 618229955 627449037
445359323 602506436 627096036
368942824 554552578 564904964
568469982 76108311 480895565
134837009 621199214 627238778
93938609 537056521 540005457
372653686 627551648 628386691
598290110 628848568 629611149
397851670 152791946 191745352
68287315 154098256 344537000
404420202 235592669 247276054
396933728 426723534 545518784
573108055 621215840 623436841
60684484 73945364 250040926
463201016 5768352 58149128
395285110 73301219 128202182
588279609 617238149 626666451
429975028 448764154 539694347
207670108 554419173 616142948
93938609 247106668 604866058
237755510 598310021 611341450
76197289 622084608 627828019